delta = [-1;-1;-0.200000000000000;-1;-3;-0.600000000000000;-3;-1;-0.200000000000000;-1;-0.200000000000000;-1;-1;-1;-3;-1;-3;-1;-1;-1;-1;-0.200000000000000;-1;-1;-1;-1;-1;-1;-1;-1;-1;-1;-0.959052800000000;-0.0416000000000000;-1.96512353297265;-0.0251277444720736;-1;-1;-1;-1;-1;-0.200000000000000;-1;-1;-1;-1;-1;-1;-1;-1;-1;-1;-0.200000000000000;-1;-0.200000000000000;-1;-1;-0.200000000000000;-1;-1;-0.200000000000000;-1;-1;-3;-1;-3;-1;-3;-1.98241859727395;-0.969368069794004;-0.991078266725045;-0.990968419310919;-1.01363486770701;-0.986090336323903;-0.970153213757085;-1.01511394229163;-0.989826075831630;-0.989215105808206;-1.05568578828029;0.0627974825616318;-1;-0.200000000000000;-1;-0.992000000000000;-0.455795771404288;-0.987778933893819;-0.300202640559715;0.327260012937667;-3;-2.97600000000000;-0.384101664688330;-0.337070641728958;-1;-0.992000000000000;-0.200000000000000;-0.990005520908613;-0.965245387014349;-1.01511316560071;-0.989726771649486;-0.985410243865265;-0.994981086999947;-0.990028980550282;-1.21273819816156;-0.987775388935216;-0.928381797898843;-0.0268609493409053;-0.990024786935457;-0.990025312756303;-0.990024969038392;-1.18851271599879;-0.988020011224228;-0.221657779533555;-0.987777043776868;-0.931900193686161;-0.994427485071537;-0.194707515423132;-1.43588698308223;-2.00254850540156;-1.66517276513024;-2.37966042995069;-2.00838600985199;-0.453076851958491;-0.987562201859465;-0.910240452409750;-0.998338396005333;-0.959209475256925;-0.847666500217366;-0.159400336059738;-1.85056854178144;-1.09355283468482;-0.969765628357748;-0.981462384664514;-0.331994158442153;-2.23145392091379;-1.42887282833951;-1.04165163699971;-1.12367900070398;-0.988016459984220;-0.230273274323104;-0.987686460162743;-0.291954152435210;-2.24461380714070;-1.19468852835382;-0.200000000000000;-0.608618184575630;-0.160461735682856;-0.987717075530845;-0.946195844122145;-0.975626478645147;-1.01159602386098;-0.204364224144672;-0.987717075457865;-0.941846842536095;-0.979158762890429;-0.991358820764601;-1.12080681338316;-1.22122678658691;-0.967615603120174;-0.729356255247356;-0.846922778436293;-1.78278581879503;-0.327987177549248;-0.975684455263454;-0.610033105223460;-0.305480538258313;-1.88617462137537;-0.0198971635181739;-1.25510046957089;-0.589606401403177;-1.57347305736080;-0.329951809830882;0.147153408586305;-0.797025548894415;-0.0400000000000000;-2.04862785543005;-2.30311428219940;-0.313683040977055;-0.640446432301706;-0.0400000000000000;-0.793061364989198;-0.0592613154471047;-1.11471208686175;-1.71765724972347;-0.713074805039740;-0.672335245077156;-0.442538914616416;-0.184749109778883;-0.00800000000000001;-0.858739851225792;-0.00800000000000001;-0.511585483147596;-0.159769286460341;-0.00160000000000005;-0.109437843418920;-0.975701710496853;-0.193532618393720;-0.0401599801866737;-1.94062584280924;-0.0329676172920683;-0.000319999999999987;-0.946319987749992;-0.403673705670764;-0.00160000000000005;-0.120800643999804;-0.939797085096201;-1.25774200582473;-0.438235715670861;-0.242943997911572;-0.00679627545841366;-6.39999999999530e-05;-0.686322264318539;-0.000319999999999987;-1.50211762001319;-0.0820019411341528;-6.39999999999530e-05;0.296969124841552;-1.28000000000350e-05;-1.18264055344777;-0.178388098245158;-1.28000000000350e-05;-0.768889878905943;-0.972263668265520;-0.720892812290465;-0.808894075772675;-0.977375296593690;-0.968453357330500;-0.572080942532996;-0.547915384396097;-0.968840484380170;-0.573505015191549;-1.26972170215362;-0.312931289107831;-0.968482319302964;-0.263689434710362;-0.608853609597409;-1.40031646750442;-0.991578613302625;-1.56432931264203;-2.81600734371716;-0.962247694303486;-0.555748305367923;-0.793939993844261;0.0892648604933086;-0.0529029486919654;-0.00140994309168296;-2.55999999998480e-06;-0.510187955545243;-0.0164510762268311;-2.55999999998480e-06;-0.409387123196748;-0.471477685752475;-0.302404681630208;-1.72156798748905;-0.284550978221452;-0.0114742508404513;-0.000283610634336462;-5.11999999952550e-07;-0.365417636705047;-0.00329183726136595;-5.11999999952550e-07;-0.698297914156193;-0.985401658619308;-0.979939620597003;-0.970460293592817;-0.820752649854302;-0.520500327556744;-0.968611500359881;-0.503469301663498;0.100376861768729;-0.976249001399733;-0.229865173849244;-0.975899351161659;-0.968092156352366;-0.443382318031514;-0.963987356035838;-0.234422345548250;-0.860527789661475;-1.74915436705764;-0.263099627452677;-0.785226641768716;-0.875234749119255;-1.44435161316732;-0.497024120946154;-1.46544126491531;-0.741906823574576;0.0286234404579937;-0.0143858461780852;-5.70465300671064e-05;-1.02400000034919e-07;-0.115068529566331;-0.000658691855473403;-1.02400000034919e-07;-0.0642158734428913;-0.00251980700761090;-1.14741866534818e-05;-2.04800000291883e-08;-0.171073425531054;-0.955591579702576;-0.511915338607346;-0.108908995852185;-0.0269730142525075;-0.000511234015458939;-2.30781345855746e-06;-4.09599998363319e-09;-0.0148464237556580;-0.000103709547554232;-4.64157917434704e-07;-8.19200041135559e-10;-0.277382706061709;-0.0389360940849555;-0.00580102112058656;-2.10361027384032e-05;-9.33506285605290e-08;-1.63840052636033e-10;-0.00339734323734442;-0.00292468766235787;-1.87739344070792e-08;-3.27680105272066e-11;-0.0756909996691366;-0.000131803251734564;-2.04800000291883e-08;0.0593831845433503;-4.09599998363319e-09;-0.00305172860804959;-4.28126215457070e-06;-3.77554876251907e-09;-6.55364651436230e-12;-0.0356882641277347;-1.31072930287246e-12;-0.115122200749557;-0.000613058803127231;-8.58645440526829e-07;-7.60300267188541e-10;-2.62123656113999e-13;-0.00253255310639489;-0.000584953025208446;-1.52226453664639e-10;-5.24025267623074e-14;-0.000116990701498843;-3.04782865612197e-11;-1.04360964314765e-14;-0.674638649939401;-0.00117761593230092;-1.72355558714088e-07;-6.10245187715464e-12;-2.10942374678780e-15;-0.00713765282663603;-4.44089209850063e-16;-0.135673889065225;-0.000235632391707874;-3.44749784275678e-08;-1.22191146090245e-12;-1.11022302462516e-16;-0.00142753056532818;0;-0.137530564052700;-8.19200041135559e-10;-0.0152217130433998;-2.63775193132254e-05;-1.63840052636033e-10;-1.41009101194823;-0.0125847122637666;-4.71483218413837e-05;-6.89577017709553e-09;-2.44693154627385e-13;0;-0.0275061134593462;-3.27680105272066e-11;-0.00306105542547197;-5.27563362417993e-06;-6.55364651436230e-12;-0.000615553727381091;-1.05513087689246e-06;-1.31072930287246e-12;-0.000969793517516138;-2.33981656072579e-05;-4.88498130835069e-14;0;-0.000285506113065548;0;0;-0.00550122271885956;-2.62123656113999e-13;-4.67963315253783e-06;-9.76996261670138e-15;0;-0.0234129819459348;-0.000123325166187183;-1.37935529664901e-09;-1.99840144432528e-15;0;-0.000212490050696346;-9.35926638412354e-07;-4.44089209850063e-16;0;-5.71012226129319e-05;0;0.0118766335024882;-5.24025267623074e-14;-0.00110024454397961;-1.04360964314765e-14;-0.0908492136940646;-0.00254681649457122;-9.43512600892760e-06;-2.75872658050957e-10;0;0;-0.0928758041907818;-0.733393658488676;-0.960721403798098;-0.953035632567714;-0.0444049857331779;-0.952987564856417;-0.418533535363243;-0.677980959599806;-0.953439768884700;-0.223930123741578;-1.50551758428235;-0.235882060925917;-0.372206182755698;-2.46661256890768e-05;-5.51745316101915e-11;0;0;-0.000220048908802895;-2.10942374678780e-15;-0.00478027096772404;-4.93326009642914e-06;-1.10347286863544e-11;0;0;-0.000123779276565372;-2.11027264107599e-07;-4.44089209850063e-16;0.00237532670045426;-1.11022302462516e-16;-9.86659010493440e-07;-2.20712337295481e-12;0;0;-4.30910132571682e-05;-1.87185328126560e-07;0;0;-0.0273288940367777;-1.88725418048818e-06;-4.41424674590962e-13;0;0;-0.000959961342808846;-1.97333549945000e-07;-8.83737527601625e-14;0;0;0;-0.00546697457165912;-3.77451185862299e-07;-1.77635683940025e-14;0;0;-0.0197846893396010;-0.000517135076084863;-7.54902482746900e-08;-3.55271367880050e-15;0;0;-0.00109369385568225;-1.50980516977484e-08;-8.88178419700125e-16;0;0;-0.292425932209573;-0.000103486803495478;-3.01961122772809e-09;0;0;0;-2.48895621881573e-05;-4.22054537985161e-08;0;